1861
0
0
1
6	6	1	
6	7	1	
22	17	1	
22	18	1	
22	22	1	
22	505	1	
22	506	1	
22	932	1	
22	933	1	
22	934	1	
22	984	1	
22	1473	1	
22	1474	1	
26	26	0	
26	26	1	
26	46	0	
26	57	0	
26	58	0	
26	58	1	
32	30	0	
32	569	0	
32	570	0	
32	571	0	
32	575	0	
32	651	0	
32	652	0	
32	653	0	
39	34	1	
39	35	1	
39	36	1	
39	37	1	
39	38	1	
39	39	1	
39	40	1	
39	41	1	
39	42	1	
39	845	1	
39	846	1	
46	46	1	
49	49	1	
64	59	1	
64	60	1	
64	65	1	
64	598	1	
64	663	1	
64	664	1	
64	791	1	
64	1680	1	
64	1681	1	
65	61	0	
65	62	0	
65	63	0	
70	66	1	
70	67	1	
70	68	1	
70	69	1	
70	1363	1	
70	1364	1	
84	80	0	
84	81	0	
84	82	0	
84	83	0	
84	756	0	
84	757	0	
84	758	0	
84	759	0	
84	760	0	
84	761	0	
87	85	0	
87	85	1	
87	86	0	
87	86	1	
87	87	0	
87	87	1	
87	88	0	
87	88	1	
87	89	0	
87	90	0	
87	91	0	
87	92	0	
87	93	0	
87	1662	1	
87	1663	1	
87	1722	1	
87	1723	1	
87	1772	0	
94	9	1	
94	10	1	
94	11	1	
94	12	1	
94	13	1	
94	14	0	
94	15	1	
94	16	1	
94	55	1	
94	80	0	
94	81	0	
94	82	0	
94	83	0	
94	95	1	
94	161	1	
94	162	1	
94	163	1	
94	164	1	
94	182	1	
94	183	1	
94	185	0	
94	186	0	
94	187	0	
94	188	0	
94	189	0	
94	191	0	
94	231	1	
94	232	1	
94	233	1	
94	234	1	
94	235	1	
94	236	1	
94	283	0	
94	284	0	
94	285	0	
94	286	0	
94	291	1	
94	292	1	
94	293	1	
94	294	1	
94	295	1	
94	318	1	
94	322	0	
94	368	0	
94	369	0	
94	429	1	
94	430	1	
94	431	1	
94	432	1	
94	433	1	
94	434	1	
94	435	1	
94	436	1	
94	531	1	
94	533	0	
94	562	1	
94	563	0	
94	564	1	
94	569	0	
94	572	0	
94	573	0	
94	575	0	
94	590	1	
94	591	1	
94	592	1	
94	593	1	
94	595	1	
94	596	1	
94	606	1	
94	607	1	
94	609	1	
94	610	1	
94	611	1	
94	612	1	
94	637	1	
94	638	1	
94	639	1	
94	640	1	
94	650	1	
94	679	0	
94	720	0	
94	756	0	
94	757	0	
94	758	0	
94	759	0	
94	760	0	
94	761	0	
94	762	1	
94	763	1	
94	764	1	
94	765	1	
94	766	1	
94	767	1	
94	768	1	
94	769	1	
94	802	1	
94	835	0	
94	885	1	
94	886	1	
94	887	1	
94	890	1	
94	942	1	
94	1007	0	
94	1008	0	
94	1071	1	
94	1116	1	
94	1117	1	
94	1118	1	
94	1119	1	
94	1120	1	
94	1121	1	
94	1122	1	
94	1123	1	
94	1124	1	
94	1125	1	
94	1126	1	
94	1127	1	
94	1128	1	
94	1140	1	
94	1144	1	
94	1145	1	
94	1146	1	
94	1147	1	
94	1148	1	
94	1185	0	
94	1248	0	
94	1250	0	
94	1279	1	
94	1296	1	
94	1297	1	
94	1298	1	
94	1299	1	
94	1300	1	
94	1301	1	
94	1302	1	
94	1352	1	
94	1365	1	
94	1366	1	
94	1367	1	
94	1370	1	
94	1374	1	
94	1375	1	
94	1377	1	
94	1382	1	
94	1384	1	
94	1387	1	
94	1390	1	
94	1392	1	
94	1426	0	
94	1427	0	
94	1428	0	
94	1429	0	
94	1430	0	
94	1431	0	
94	1432	0	
94	1445	0	
94	1445	1	
94	1446	0	
94	1446	1	
94	1447	0	
94	1447	1	
94	1448	0	
94	1448	1	
94	1470	1	
94	1488	1	
94	1489	1	
94	1497	0	
94	1497	1	
94	1498	0	
94	1498	1	
94	1499	0	
94	1499	1	
94	1500	0	
94	1500	1	
94	1557	1	
94	1558	0	
94	1559	0	
94	1590	1	
94	1591	1	
94	1625	1	
94	1667	0	
94	1682	0	
94	1719	1	
107	106	0	
107	107	1	
107	316	0	
107	317	0	
107	365	0	
107	367	0	
107	604	0	
107	905	0	
107	906	0	
107	908	0	
107	1098	0	
107	1099	0	
107	1335	0	
107	1761	0	
108	97	1	
108	98	1	
108	99	1	
108	100	1	
108	101	1	
108	102	1	
108	103	1	
108	104	1	
108	105	1	
108	108	1	
108	124	1	
108	125	1	
108	126	1	
108	127	1	
108	128	1	
108	140	0	
108	141	0	
108	142	0	
108	143	0	
108	144	0	
108	192	1	
108	193	1	
108	651	1	
108	652	1	
108	653	1	
108	734	1	
108	735	1	
108	736	1	
108	737	1	
108	829	1	
108	907	1	
108	968	1	
108	1131	1	
108	1227	1	
108	1311	1	
108	1356	1	
108	1388	1	
108	1571	1	
123	121	1	
123	122	1	
123	123	1	
131	129	1	
131	130	1	
131	752	1	
131	1262	1	
131	1691	1	
135	133	0	
135	135	1	
135	985	1	
135	993	1	
147	145	0	
147	146	0	
147	148	0	
147	149	0	
153	19	0	
153	153	0	
153	154	0	
153	943	0	
153	944	0	
153	945	0	
153	946	0	
153	1479	0	
156	258	0	
156	259	0	
156	260	0	
156	261	0	
156	268	0	
156	343	0	
156	473	0	
156	729	0	
156	1294	1	
156	1306	0	
156	1307	0	
156	1548	0	
156	1848	1	
163	161	1	
163	162	1	
163	163	1	
163	164	1	
175	170	1	
175	171	1	
175	172	1	
175	173	1	
175	174	1	
177	113	1	
177	1700	1	
177	1819	1	
177	1820	1	
178	73	2	
178	312	2	
181	1	0	
181	2	0	
181	3	1	
181	4	0	
181	9	1	
181	10	1	
181	11	0	
181	12	0	
181	13	1	
181	15	0	
181	16	0	
181	24	0	
181	25	0	
181	33	0	
181	34	0	
181	41	0	
181	42	0	
181	43	0	
181	55	0	
181	56	0	
181	74	1	
181	75	1	
181	77	0	
181	85	0	
181	86	0	
181	87	0	
181	88	0	
181	89	0	
181	90	0	
181	91	0	
181	92	0	
181	93	0	
181	93	1	
181	96	1	
181	103	0	
181	114	1	
181	129	0	
181	130	0	
181	136	0	
181	151	1	
181	165	0	
181	166	0	
181	167	0	
181	169	1	
181	185	0	
181	186	0	
181	187	0	
181	188	0	
181	189	0	
181	190	0	
181	191	0	
181	194	1	
181	195	1	
181	196	1	
181	197	1	
181	198	1	
181	199	1	
181	200	1	
181	213	0	
181	213	2	
181	213	1	
181	215	0	
181	216	0	
181	217	0	
181	218	0	
181	219	0	
181	220	0	
181	228	0	
181	230	0	
181	231	1	
181	232	1	
181	233	1	
181	234	1	
181	235	1	
181	236	1	
181	240	1	
181	242	0	
181	253	0	
181	253	1	
181	254	0	
181	254	1	
181	258	0	
181	259	0	
181	260	0	
181	261	0	
181	262	0	
181	263	0	
181	266	0	
181	267	0	
181	270	1	
181	271	0	
181	281	1	
181	282	0	
181	291	0	
181	292	0	
181	293	0	
181	294	0	
181	295	0	
181	301	1	
181	311	2	
181	313	0	
181	313	2	
181	314	0	
181	314	2	
181	318	0	
181	320	0	
181	321	0	
181	324	0	
181	335	0	
181	335	2	
181	336	0	
181	336	2	
181	337	0	
181	337	2	
181	338	0	
181	338	2	
181	360	0	
181	368	1	
181	369	1	
181	379	0	
181	381	0	
181	384	0	
181	384	2	
181	385	0	
181	386	0	
181	400	0	
181	401	0	
181	402	0	
181	403	0	
181	404	0	
181	406	0	
181	411	0	
181	411	1	
181	412	0	
181	419	0	
181	431	0	
181	433	0	
181	436	0	
181	440	0	
181	446	0	
181	447	0	
181	448	0	
181	449	0	
181	450	0	
181	451	0	
181	452	0	
181	458	0	
181	481	0	
181	481	2	
181	482	0	
181	483	0	
181	484	0	
181	485	0	
181	486	0	
181	505	0	
181	506	0	
181	533	0	
181	534	0	
181	555	0	
181	556	0	
181	557	0	
181	558	0	
181	559	0	
181	560	0	
181	561	0	
181	562	0	
181	563	0	
181	564	0	
181	564		
181	565	0	
181	566	0	
181	567	0	
181	568	0	
181	569	1	
181	570	1	
181	571	1	
181	572	1	
181	573	1	
181	575	1	
181	577	0	
181	577	1	
181	578	0	
181	578	1	
181	579	0	
181	579	1	
181	580	0	
181	582	0	
181	583	0	
181	583	1	
181	584	0	
181	590	0	
181	591	0	
181	592	0	
181	593	0	
181	595	0	
181	596	0	
181	597	1	
181	601	0	
181	602	0	
181	603	0	
181	604	1	
181	608	0	
181	613	0	
181	615	0	
181	616	0	
181	617	0	
181	623	0	
181	623	1	
181	626	0	
181	626	1	
181	629	0	
181	629	1	
181	637	0	
181	638	0	
181	639	0	
181	640	0	
181	641	0	
181	642	0	
181	643	0	
181	644	0	
181	645	0	
181	646	0	
181	647	0	
181	648	0	
181	650	0	
181	651	1	
181	652	1	
181	653	1	
181	669	0	
181	670	0	
181	672	0	
181	673	0	
181	674	0	
181	678	0	
181	679	0	
181	680	0	
181	697	0	
181	698	0	
181	702	0	
181	703	0	
181	705	0	
181	724	1	
181	726	1	
181	727	1	
181	728	1	
181	739	0	
181	742	0	
181	743	0	
181	744	0	
181	745	0	
181	746	0	
181	747	0	
181	750	0	
181	754	0	
181	755	0	
181	780	0	
181	781	0	
181	782	0	
181	783	0	
181	784	0	
181	785	0	
181	786	0	
181	787	0	
181	788	0	
181	789	0	
181	790	0	
181	804	0	
181	805	0	
181	806	0	
181	807	0	
181	808	0	
181	815	0	
181	825	0	
181	829	1	
181	842	0	
181	846	0	
181	855	0	
181	855	1	
181	856	0	
181	857	0	
181	857	1	
181	858	0	
181	858	1	
181	859	0	
181	860	1	
181	878	0	
181	890	0	
181	890	1	
181	896	0	
181	897	0	
181	898	0	
181	899	0	
181	900	0	
181	901	0	
181	902	0	
181	903	0	
181	914	0	
181	914		
181	915	0	
181	916	0	
181	917	0	
181	918	0	
181	918	1	
181	919	0	
181	920	0	
181	923	0	
181	924	0	
181	925	0	
181	926	0	
181	928	0	
181	928	1	
181	929	0	
181	930	0	
181	931	0	
181	932	0	
181	933	0	
181	934	0	
181	936	0	
181	937	0	
181	939	0	
181	942	0	
181	947	1	
181	948	1	
181	949	0	
181	950	0	
181	951	0	
181	961	1	
181	968	1	
181	969	0	
181	970	0	
181	971	0	
181	976	0	
181	977	0	
181	978	0	
181	979	0	
181	980	0	
181	981	0	
181	982	0	
181	987	0	
181	987	1	
181	1003	0	
181	1004	0	
181	1005	0	
181	1013	0	
181	1021	0	
181	1022	0	
181	1023	0	
181	1034	0	
181	1035	0	
181	1041	0	
181	1043	2	
181	1044	2	
181	1045	2	
181	1046	2	
181	1047	0	
181	1048	0	
181	1049	0	
181	1050	0	
181	1051	0	
181	1053	0	
181	1054	0	
181	1069	1	
181	1077	0	
181	1088	1	
181	1089	1	
181	1090	1	
181	1092	1	
181	1093	0	
181	1098	0	
181	1099	0	
181	1129	0	
181	1130	0	
181	1130	2	
181	1130	1	
181	1131	1	
181	1134	0	
181	1136	0	
181	1138	0	
181	1138	1	
181	1140	1	
181	1152	1	
181	1154	0	
181	1156	0	
181	1157	0	
181	1158	0	
181	1159	0	
181	1160	0	
181	1161	0	
181	1162	0	
181	1163	0	
181	1164	0	
181	1165	0	
181	1166	0	
181	1169	0	
181	1173	0	
181	1174	0	
181	1174	1	
181	1179	0	
181	1185	0	
181	1191	0	
181	1226	1	
181	1227	1	
181	1240	0	
181	1241	2	
181	1241	1	
181	1246	0	
181	1247	0	
181	1249	0	
181	1254	0	
181	1254	1	
181	1258	0	
181	1259	0	
181	1260	0	
181	1261	0	
181	1262	0	
181	1265	1	
181	1279	0	
181	1280	0	
181	1280	1	
181	1281	0	
181	1281	1	
181	1295	1	
181	1297	1	
181	1298	1	
181	1299	1	
181	1300	1	
181	1302	1	
181	1309	0	
181	1311	1	
181	1312	0	
181	1313	0	
181	1314	0	
181	1315	0	
181	1316	0	
181	1317	0	
181	1338	0	
181	1347	0	
181	1348	0	
181	1349	0	
181	1350	0	
181	1351	0	
181	1352	0	
181	1356	1	
181	1357	0	
181	1362	1	
181	1368	0	
181	1369	1	
181	1380	0	
181	1381	0	
181	1381	2	
181	1381	1	
181	1382	0	
181	1385	0	
181	1386	1	
181	1388	1	
181	1391	0	
181	1416	0	
181	1417	0	
181	1418	0	
181	1443	0	
181	1445	0	
181	1446	0	
181	1447	0	
181	1448	0	
181	1450	0	
181	1452	0	
181	1453	1	
181	1457	0	
181	1459	0	
181	1459		
181	1460	0	
181	1460		
181	1461	0	
181	1461		
181	1470	0	
181	1471	1	
181	1472	1	
181	1477	1	
181	1478	1	
181	1481	0	
181	1482	0	
181	1483	0	
181	1484	0	
181	1485	0	
181	1488	0	
181	1497	0	
181	1498	0	
181	1499	0	
181	1500	0	
181	1509	0	
181	1513	0	
181	1523	0	
181	1524	0	
181	1525	0	
181	1526	0	
181	1527	0	
181	1528	0	
181	1529	0	
181	1544	0	
181	1545	0	
181	1546	0	
181	1558	1	
181	1558		
181	1559	1	
181	1559		
181	1561	0	
181	1571	1	
181	1572	1	
181	1576	2	
181	1592	0	
181	1594	0	
181	1594	2	
181	1595	0	
181	1596	0	
181	1597	0	
181	1598	0	
181	1599	0	
181	1601	0	
181	1602	0	
181	1603	0	
181	1604	0	
181	1606	0	
181	1607	0	
181	1608	0	
181	1609	0	
181	1610	0	
181	1611	0	
181	1614	2	
181	1630	0	
181	1631	0	
181	1632	0	
181	1633	0	
181	1634	0	
181	1635	0	
181	1661	1	
181	1662	0	
181	1663	0	
181	1664	0	
181	1665	0	
181	1666	0	
181	1667	0	
181	1669	1	
181	1670	1	
181	1685	0	
181	1691	0	
181	1698	0	
181	1698	2	
181	1702	0	
181	1759	0	
181	1760	0	
181	1761	0	
181	1772	0	
181	1781	0	
181	1786	0	
181	1786	1	
181	1793	1	
181	1794	0	
181	1794		
181	1795	0	
181	1795		
181	1796	0	
181	1796		
181	1797	0	
181	1797		
181	1798	0	
181	1798		
181	1807	0	
181	1811	0	
181	1817	0	
181	1834	0	
181	1858	0	
181	1859	0	
184	182	0	
184	183	0	
184	184	0	
190	185	0	
190	186	0	
190	187	0	
190	188	0	
190	189	0	
190	191	0	
190	483	0	
190	484	0	
190	485	0	
190	486	0	
201	1491	0	
201	1492	0	
201	1493	0	
201	1494	0	
201	1495	0	
201	1516	0	
201	1517	0	
201	1518	0	
201	1519	0	
212	212	0	
212	585	0	
212	586	0	
212	587	0	
212	588	0	
212	589	0	
212	699	0	
212	700	0	
212	701	0	
212	1360	0	
214	214	1	
214	1686	1	
214	1687	1	
214	1689	1	
214	1690	1	
220	215	0	
220	215	1	
220	216	0	
220	216	1	
220	217	0	
220	217	1	
220	218	0	
220	218	1	
220	219	0	
220	219	1	
220	220	0	
220	220	1	
240	169	1	
246	19	0	
246	116	0	
246	152	0	
246	153	0	
246	154	0	
246	155	1	
246	221	1	
246	224	1	
246	243	0	
246	244	0	
246	245	0	
246	246	0	
246	255	1	
246	256	1	
246	257	1	
246	258	1	
246	259	1	
246	260	1	
246	261	1	
246	282	1	
246	334	0	
246	342	0	
246	376	0	
246	377	0	
246	393	1	
246	394	1	
246	428	0	
246	547	0	
246	729	0	
246	848	0	
246	861	0	
246	862	0	
246	891	0	
246	893	0	
246	932	0	
246	933	0	
246	934	0	
246	943	0	
246	944	0	
246	945	0	
246	946	0	
246	1010	1	
246	1011	1	
246	1019	1	
246	1037	0	
246	1135	0	
246	1136	1	
246	1241	0	
246	1242	0	
246	1264	1	
246	1330	0	
246	1380	1	
246	1381	0	
246	1383	0	
246	1416	1	
246	1417	1	
246	1418	1	
246	1442	0	
246	1465	0	
246	1467	0	
246	1479	0	
246	1548	0	
246	1575	1	
246	1617	1	
246	1677	0	
246	1695	0	
246	1746	0	
246	1801	0	
246	1841	0	
246	1845	0	
247	9	0	
247	10	0	
247	11	1	
247	12	1	
247	13	0	
247	15	0	
247	16	1	
247	29	1	
247	120	0	
247	161	0	
247	162	0	
247	163	0	
247	164	0	
247	253	0	
247	254	0	
247	254	1	
247	258	0	
247	259	0	
247	260	0	
247	261	0	
247	283	0	
247	284	0	
247	291	1	
247	292	1	
247	293	1	
247	294	1	
247	295	1	
247	301	1	
247	391	1	
247	392	1	
247	399	1	
247	408	1	
247	412	1	
247	440	1	
247	441	1	
247	543	1	
247	544	1	
247	545	1	
247	584	1	
247	608	1	
247	619	1	
247	677	1	
247	797	1	
247	802	0	
247	890	1	
247	929	1	
247	930	1	
247	931	1	
247	932	1	
247	933	1	
247	934	1	
247	1013	1	
247	1021	1	
247	1022	1	
247	1023	1	
247	1088	1	
247	1089	1	
247	1090	1	
247	1174	0	
247	1177	1	
247	1179	1	
247	1184	1	
247	1191	1	
247	1235	0	
247	1236	1	
247	1243	0	
247	1258	1	
247	1259	1	
247	1260	1	
247	1261	1	
247	1280	0	
247	1280	1	
247	1281	0	
247	1281	1	
247	1303	1	
247	1456	1	
247	1463	1	
247	1464	1	
247	1555	1	
247	1741	1	
247	1799	1	
247	1861	1	
249	251	0	
249	915	1	
249	916	1	
249	917	1	
249	1512	0	
258	255	0	
258	256	0	
258	257	0	
258	258	0	
258	259	0	
258	260	0	
258	261	0	
258	340	0	
258	501	1	
258	502	1	
258	509	1	
258	512	1	
258	513	1	
258	514	1	
258	515	1	
258	516	1	
258	517	1	
258	518	1	
258	528	1	
258	836	0	
258	1091	0	
258	1182	1	
258	1521	1	
258	1648	0	
258	1696	0	
258	1697	0	
258	1779	1	
258	1780	1	
264	262	1	
264	566	1	
264	567	1	
264	568	1	
264	878	1	
265	705	0	
265	741	0	
273	241	0	
273	272	0	
273	998	1	
273	999	1	
273	1000	1	
273	1001	1	
273	1002	1	
278	274	0	
278	275	0	
278	276	0	
278	277	0	
278	278	0	
278	279	0	
278	291	0	
278	292	0	
278	293	0	
278	294	0	
278	295	0	
278	1751	0	
287	287	1	
287	288	0	
287	289	0	
287	290	0	
297	201	0	
297	296	0	
297	297	1	
297	298	0	
297	299	0	
297	302	0	
297	303	0	
297	304	0	
297	305	0	
297	306	0	
297	307	0	
297	308	0	
297	309	0	
297	310	0	
297	342	0	
297	751	1	
297	1491	1	
297	1492	1	
297	1493	1	
297	1494	1	
297	1495	1	
297	1516	0	
297	1517	0	
297	1518	0	
297	1519	0	
297	1521	0	
297	1522	0	
297	1682	0	
297	1707	0	
297	1762	0	
297	1773	0	
297	1836	0	
311	213	1	
311	311	1	
311	335	1	
311	336	1	
311	337	1	
311	338	1	
311	1129	1	
311	1130	1	
311	1241	1	
311	1381	1	
311	1576	1	
311	1594	1	
311	1698	1	
315	1577	0	
315	1578	0	
315	1579	0	
315	1580	0	
324	318	0	
324	321	0	
324	368	0	
324	369	0	
324	539	0	
324	540	0	
324	541	0	
324	542	0	
324	563	0	
339	335	1	
339	336	1	
339	337	1	
339	338	1	
339	1130	1	
339	1576	1	
347	344	0	
347	345	0	
347	346	0	
347	347	1	
348	349	1	
348	350	1	
348	831	1	
348	833	1	
348	1726	1	
348	1727	1	
348	1730	1	
348	1731	1	
1674	267	1	
1674	356	1	
1674	1674	1	
365	55	1	
365	365	2	
365	365	1	
365	367	2	
365	367	1	
365	697	1	
365	698	1	
365	1098	0	
365	1098	1	
365	1099	0	
365	1099	1	
365	1229	0	
365	1335	2	
365	1335	1	
365	1381	1	
365	1761	0	
365	1761	1	
365	1808	1	
368	84	1	
368	231	0	
368	232	0	
368	233	0	
368	234	0	
368	235	0	
368	236	0	
368	368	0	
368	369	0	
368	419	0	
368	942	0	
380	379	0	
380	380	1	
380	381	0	
387	385	1	
387	386	1	
409	17	1	
409	18	1	
410	1135	0	
410	1136	0	
414	19	0	
414	397	0	
414	398	0	
414	414	0	
414	415	0	
414	538	0	
414	572	0	
414	573	0	
414	947	0	
414	948	0	
414	1153	0	
414	1439	0	
414	1724	0	
414	1725	0	
414	1754	0	
414	1755	0	
414	1763	0	
414	1764	0	
414	1765	0	
418	418	1	
418	419	1	
418	877	1	
418	1630	1	
418	1631	1	
418	1632	1	
418	1633	1	
418	1634	1	
418	1635	1	
420	11	2	
420	11	1	
420	12	2	
420	12	1	
420	14	0	
420	15	1	
420	20	0	
420	21	0	
420	29	0	
420	33	0	
420	55	1	
420	76	2	
420	77	0	
420	94	0	
420	94	1	
420	136	0	
420	137	2	
420	157	0	
420	158	0	
420	184	0	
420	185	0	
420	186	0	
420	187	0	
420	188	0	
420	189	0	
420	190	0	
420	191	0	
420	204	0	
420	205	0	
420	206	0	
420	207	0	
420	208	0	
420	209	0	
420	210	0	
420	211	0	
420	222	0	
420	223	0	
420	225	0	
420	226	0	
420	231	1	
420	232	1	
420	233	1	
420	234	1	
420	235	1	
420	236	1	
420	283	0	
420	283	1	
420	284	0	
420	284	1	
420	285	0	
420	286	0	
420	291	1	
420	292	1	
420	293	1	
420	294	1	
420	295	1	
420	301	0	
420	320	0	
420	321	0	
420	322	0	
420	324	0	
420	325	0	
420	361	0	
420	362	0	
420	363	0	
420	364	0	
420	368	1	
420	369	1	
420	370	1	
420	371	1	
420	372	1	
420	373	1	
420	374	1	
420	397	0	
420	398	0	
420	405	0	
420	442	0	
420	443	0	
420	443	2	
420	444	0	
420	444	2	
420	445	0	
420	445	2	
420	455	0	
420	456	0	
420	457	0	
420	462	0	
420	464	0	
420	465	0	
420	483	0	
420	484	0	
420	485	0	
420	486	0	
420	531	1	
420	532	0	
420	533	0	
420	534	1	
420	539	0	
420	540	0	
420	541	0	
420	542	0	
420	562	1	
420	563	0	
420	564	1	
420	569	1	
420	574	1	
420	575	1	
420	586	0	
420	587	0	
420	588	0	
420	589	0	
420	601	0	
420	602	0	
420	603	0	
420	604	0	
420	625	2	
420	628	2	
420	637	0	
420	638	0	
420	639	0	
420	645	0	
420	647	0	
420	651	1	
420	652	1	
420	653	1	
420	668	1	
420	679	2	
420	679	1	
420	714	0	
420	715	0	
420	720	1	
420	739	0	
420	740	1	
420	780	1	
420	781	1	
420	782	1	
420	783	1	
420	784	1	
420	785	1	
420	786	1	
420	787	1	
420	788	1	
420	789	1	
420	790	1	
420	793	0	
420	794	0	
420	795	0	
420	796	0	
420	834	0	
420	835	0	
420	844	0	
420	890	2	
420	921	0	
420	922	0	
420	998	0	
420	999	0	
420	1000	0	
420	1001	0	
420	1002	0	
420	1007	1	
420	1008	1	
420	1038	1	
420	1055	0	
420	1056	0	
420	1057	0	
420	1058	0	
420	1059	0	
420	1060	0	
420	1061	0	
420	1062	0	
420	1063	0	
420	1064	0	
420	1065	0	
420	1066	0	
420	1067	1	
420	1070	1	
420	1071	1	
420	1080	0	
420	1081	0	
420	1082	0	
420	1083	0	
420	1084	0	
420	1085	0	
420	1088	0	
420	1089	0	
420	1090	0	
420	1096	1	
420	1097	1	
420	1100	0	
420	1103	0	
420	1107	0	
420	1108	0	
420	1109	0	
420	1110	0	
420	1111	0	
420	1112	0	
420	1113	0	
420	1116	1	
420	1117	1	
420	1118	1	
420	1119	1	
420	1120	1	
420	1121	1	
420	1122	1	
420	1123	1	
420	1124	1	
420	1125	1	
420	1126	1	
420	1127	1	
420	1128	1	
420	1140	0	
420	1140	1	
420	1141	1	
420	1175	0	
420	1179	2	
420	1183	0	
420	1185	0	
420	1195	1	
420	1222	0	
420	1224	0	
420	1248	1	
420	1250	1	
420	1274	0	
420	1275	0	
420	1276	0	
420	1277	0	
420	1291	1	
420	1292	1	
420	1296	1	
420	1301	1	
420	1355	1	
420	1360	0	
420	1365	0	
420	1366	0	
420	1367	0	
420	1369	1	
420	1370	0	
420	1371	1	
420	1372	1	
420	1374	0	
420	1375	0	
420	1377	0	
420	1384	0	
420	1386	1	
420	1387	0	
420	1389	1	
420	1390	0	
420	1392	0	
420	1445	1	
420	1446	1	
420	1447	1	
420	1448	1	
420	1470	1	
420	1473	1	
420	1474	1	
420	1491	0	
420	1492	0	
420	1493	0	
420	1494	0	
420	1495	0	
420	1497	1	
420	1498	1	
420	1499	1	
420	1500	1	
420	1514	0	
420	1515	0	
420	1523	0	
420	1524	0	
420	1525	0	
420	1526	0	
420	1527	0	
420	1528	0	
420	1529	0	
420	1557	1	
420	1563	1	
420	1590	1	
420	1591	1	
420	1619	0	
420	1620	0	
420	1630	0	
420	1632	0	
420	1658	0	
420	1659	0	
420	1660	0	
420	1682	0	
420	1683	0	
420	1703	1	
420	1721	0	
420	1732	0	
420	1733	0	
420	1734	0	
420	1735	0	
420	1736	0	
420	1737	0	
420	1748	0	
420	1758	1	
420	1769	1	
420	1790	0	
420	1830	0	
420	1831	0	
420	1832	0	
420	1833	0	
420	1847	0	
420	1849	1	
420	1850	1	
420	1861	1	
427	421	1	
427	422	1	
438	5	0	
438	6	0	
438	7	0	
438	8	0	
438	421	0	
438	422	0	
438	423	0	
438	424	0	
438	425	0	
438	426	0	
438	429	1	
438	430	1	
438	431	1	
438	432	1	
438	433	1	
438	434	1	
438	435	1	
438	436	1	
438	437	1	
438	438	0	
438	803	0	
438	1488	1	
438	1621	1	
447	446	0	
447	1582	0	
465	442	0	
465	465	0	
465	534	0	
465	770	0	
465	771	0	
465	772	0	
465	773	0	
465	774	0	
465	775	0	
465	776	0	
465	777	0	
465	778	0	
465	779	0	
465	780	0	
465	781	0	
465	782	0	
465	783	0	
465	784	0	
465	785	0	
465	786	0	
465	787	0	
465	788	0	
465	789	0	
465	790	0	
465	792	0	
465	793	0	
465	794	0	
465	795	0	
465	796	0	
465	797	0	
481	16	1	
481	24	1	
481	25	1	
481	29	0	
481	50	0	
481	51	0	
481	52	0	
481	53	0	
481	54	0	
481	56	1	
481	77	1	
481	78	0	
481	79	0	
481	110	0	
481	111	0	
481	112	0	
481	138	0	
481	165	1	
481	166	1	
481	167	1	
481	192	0	
481	193	0	
481	202	1	
481	203	1	
481	253	1	
481	265	0	
481	268	1	
481	291	0	
481	292	0	
481	293	0	
481	294	0	
481	295	0	
481	301	1	
481	335	0	
481	336	0	
481	337	0	
481	338	0	
481	361	1	
481	362	1	
481	363	1	
481	375	1	
481	384	1	
481	429	0	
481	430	0	
481	439	0	
481	439	1	
481	481	1	
481	530	0	
481	563	1	
481	569	1	
481	570	1	
481	571	1	
481	575	1	
481	608	1	
481	623	0	
481	626	0	
481	629	0	
481	631	1	
481	632	0	
481	633	0	
481	634	0	
481	635	0	
481	637	0	
481	638	0	
481	639	0	
481	645	0	
481	647	0	
481	658	0	
481	659	0	
481	660	0	
481	661	0	
481	662	1	
481	666	0	
481	667	0	
481	679	0	
481	697	1	
481	698	1	
481	705	1	
481	706	1	
481	738	0	
481	739	1	
481	741	0	
481	754	0	
481	755	1	
481	756	1	
481	757	1	
481	758	1	
481	759	1	
481	760	1	
481	761	1	
481	811	0	
481	812	0	
481	813	0	
481	829	0	
481	843	1	
481	870	0	
481	871	0	
481	872	0	
481	873	0	
481	874	0	
481	875	0	
481	890	0	
481	910	0	
481	912	0	
481	913	0	
481	915	0	
481	916	0	
481	917	0	
481	932	0	
481	933	0	
481	934	0	
481	936	0	
481	937	0	
481	938	0	
481	966	0	
481	967	0	
481	968	0	
481	969	1	
481	971	1	
481	1020	1	
481	1021	1	
481	1022	1	
481	1023	1	
481	1047	1	
481	1049	1	
481	1050	1	
481	1054	1	
481	1062	1	
481	1063	1	
481	1064	1	
481	1065	1	
481	1066	1	
481	1071	0	
481	1071	1	
481	1088	1	
481	1089	1	
481	1090	1	
481	1098	0	
481	1099	0	
481	1107	1	
481	1108	1	
481	1109	1	
481	1110	1	
481	1111	1	
481	1112	1	
481	1113	1	
481	1116	0	
481	1117	0	
481	1118	0	
481	1119	0	
481	1120	0	
481	1121	0	
481	1122	0	
481	1123	0	
481	1124	0	
481	1125	0	
481	1126	0	
481	1127	0	
481	1128	0	
481	1131	0	
481	1133	1	
481	1151	1	
481	1152	1	
481	1171		
481	1180	0	
481	1185	1	
481	1198	0	
481	1199	0	
481	1227	0	
481	1251	0	
481	1252	0	
481	1253	0	
481	1254	0	
481	1279	2	
481	1279	1	
481	1305	1	
481	1308	0	
481	1311	0	
481	1356	0	
481	1360	0	
481	1360	1	
481	1369	1	
481	1386	1	
481	1388	0	
481	1394	0	
481	1395	0	
481	1396	0	
481	1397	0	
481	1398	0	
481	1399	0	
481	1400	0	
481	1401	0	
481	1402	0	
481	1403	0	
481	1404	0	
481	1405	0	
481	1406	0	
481	1407	0	
481	1408	0	
481	1409	0	
481	1410	0	
481	1411	0	
481	1412	0	
481	1413	0	
481	1414	0	
481	1415	0	
481	1419	0	
481	1454	0	
481	1455	0	
481	1480	0	
481	1490	0	
481	1490	1	
481	1538	0	
481	1539	0	
481	1540	0	
481	1541	0	
481	1550	0	
481	1550	1	
481	1556	0	
481	1561	0	
481	1562	0	
481	1571	0	
481	1581	0	
481	1587	0	
481	1588	0	
481	1589	0	
481	1636	0	
481	1637	0	
481	1638	0	
481	1639	0	
481	1664	1	
481	1665	1	
481	1666	1	
481	1667	1	
481	1745	1	
481	1761	0	
481	1781	1	
481	1807	1	
481	1837	1	
507	204	0	
507	205	0	
507	206	0	
507	207	0	
507	208	0	
507	209	0	
507	210	0	
507	211	0	
507	489	0	
507	490	0	
507	491	0	
507	492	0	
507	493	0	
507	494	0	
507	495	0	
507	496	0	
507	497	0	
507	498	0	
507	499	0	
507	500	0	
507	501	0	
507	502	0	
507	503	0	
507	504	0	
507	508	0	
507	509	0	
507	511	0	
507	512	0	
507	513	0	
507	514	0	
507	515	0	
507	516	0	
507	517	0	
507	518	0	
507	519	0	
507	520	0	
507	521	0	
507	522	0	
507	523	0	
507	524	0	
507	525	0	
507	526	0	
507	527	0	
507	528	0	
507	637	0	
507	638	0	
507	639	0	
507	654	0	
507	655	0	
507	656	0	
507	657	0	
507	779	0	
507	797	0	
507	942	1	
507	969	1	
507	970	1	
507	971	1	
507	1055	0	
507	1056	0	
507	1057	0	
507	1058	0	
507	1059	0	
507	1060	0	
507	1061	0	
507	1107	0	
507	1108	0	
507	1109	0	
507	1110	0	
507	1111	0	
507	1112	0	
507	1113	0	
507	1176	0	
507	1237	0	
507	1238	0	
507	1239	0	
507	1333	0	
507	1487	0	
507	1521	0	
507	1699	0	
507	1748	0	
507	1770	0	
507	1771	0	
528	255	1	
528	256	1	
528	257	1	
528	258	1	
528	259	1	
528	260	1	
528	261	1	
528	505	1	
528	506	1	
528	570	1	
528	571	1	
528	572	1	
528	573	1	
528	716	1	
528	717	1	
528	947	1	
528	948	1	
528	988	1	
528	1152	1	
528	1178	1	
528	1788	1	
560	555	0	
560	556	0	
560	557	0	
560	558	0	
560	559	0	
560	560	0	
560	561	0	
565	76	2	
565	137	1	
565	230	1	
565	252	1	
565	291	1	
565	292	1	
565	293	1	
565	294	1	
565	295	1	
565	400	1	
565	401	1	
565	402	1	
565	403	1	
565	404	1	
565	405	1	
565	406	1	
565	407	2	
565	416	1	
565	417	1	
565	448	1	
565	449	1	
565	450	1	
565	451	1	
565	452	1	
565	453	1	
565	454	1	
565	455	1	
565	456	1	
565	457	1	
565	458	1	
565	459	1	
565	460	1	
565	461	1	
565	462	1	
565	463	1	
565	464	1	
565	466	1	
565	467	1	
565	468	1	
565	469	1	
565	470	1	
565	471	1	
565	482	1	
565	505	1	
565	506	1	
565	531	1	
565	546	0	
565	563	0	
565	564	1	
565	565	1	
565	586	1	
565	587	1	
565	588	1	
565	589	1	
565	604	2	
565	625	1	
565	628	2	
565	651	1	
565	652	1	
565	653	1	
565	668	1	
565	676	1	
565	679	1	
565	685	1	
565	686	1	
565	687	1	
565	688	1	
565	689	1	
565	690	1	
565	691	1	
565	692	1	
565	693	1	
565	694	1	
565	695	1	
565	696	1	
565	740	1	
565	843	0	
565	844	0	
565	890	2	
565	958	1	
565	960	1	
565	994	1	
565	995	0	
565	1038	1	
565	1071	1	
565	1094	1	
565	1101	1	
565	1102	1	
565	1104	1	
565	1105	1	
565	1136	0	
565	1144	1	
565	1145	1	
565	1146	1	
565	1147	1	
565	1148	1	
565	1293	1	
565	1304	1	
565	1323	1	
565	1324	1	
565	1360	1	
565	1382	1	
565	1438	1	
565	1445	0	
565	1446	0	
565	1447	0	
565	1448	0	
565	1470	1	
565	1473	1	
565	1474	1	
565	1497	0	
565	1498	0	
565	1499	0	
565	1500	0	
565	1501	1	
565	1502	1	
565	1503	1	
565	1504	1	
565	1505	1	
565	1506	1	
565	1534	1	
565	1549	0	
565	1549	1	
565	1683	1	
565	1729	1	
565	1768	1	
565	1787	1	
565	1814	1	
565	1846	1	
565	1851	0	
565	1861	1	
572	291	0	
572	292	0	
572	293	0	
572	294	0	
572	295	0	
572	428	0	
572	510	0	
572	570	0	
572	571	0	
572	572	0	
572	573	0	
572	574	0	
572	575	0	
572	651	0	
572	652	0	
572	653	0	
572	668	0	
572	716	0	
572	717	0	
572	718	0	
572	891	0	
572	893	0	
572	895	0	
572	947	0	
572	948	0	
572	1282	0	
572	1326	0	
572	1465	0	
572	1788	0	
1328	31	0	
1328	132	0	
1328	182	0	
1328	183	0	
1328	319	0	
1328	569	0	
1328	575	0	
1328	1466	0	
1328	1789	0	
574	319	1	
574	569	2	
574	570	2	
574	571	2	
574	572	0	
574	573	0	
574	574	1	
574	575	2	
574	575	1	
574	576	1	
574	716	2	
574	717	2	
574	947	0	
574	948	0	
574	1466	1	
574	1788	2	
575	76	0	
575	134	0	
575	180	1	
575	182	0	
575	183	0	
575	319	0	
575	569	0	
575	570	0	
575	571	0	
575	572	0	
575	573	0	
575	574	0	
575	574	1	
575	575	0	
575	576	0	
575	628	0	
575	716	2	
575	717	2	
575	718	0	
575	741	0	
575	889	0	
575	947	0	
575	948	0	
575	1033	1	
575	1382	0	
575	1466	0	
575	1624	0	
575	1678	0	
575	1679	0	
575	1788	2	
581	577	0	
581	577	1	
581	578	0	
581	578	1	
581	579	0	
581	579	1	
581	580	1	
581	581	1	
581	582	1	
581	583	0	
581	583	1	
581	969	1	
581	970	1	
581	971	1	
582	577	0	
582	577	1	
582	578	0	
582	578	1	
582	579	0	
582	579	1	
582	580	1	
582	581	1	
582	582	1	
582	583	0	
582	583	1	
582	969	1	
582	970	1	
582	971	1	
594	590	1	
594	591	1	
594	592	1	
594	593	1	
594	595	1	
594	596	1	
599	599	1	
599	600	0	
599	601	2	
599	601	1	
599	602	2	
599	602	1	
599	603	2	
599	603	1	
608	606	0	
608	607	0	
608	608	1	
608	609	0	
608	610	0	
608	611	0	
608	612	0	
646	637	1	
646	638	1	
646	639	1	
646	640	1	
646	642	1	
646	644	1	
646	645	1	
646	647	1	
646	648	1	
649	622	0	
649	1380	0	
649	1416	0	
649	1417	0	
649	1418	0	
671	391	1	
671	392	1	
671	669	1	
671	672	1	
671	673	1	
671	674	1	
671	804	1	
671	805	1	
671	806	1	
671	807	1	
671	808	1	
671	1077	1	
702	702	0	
702	703	0	
702	1481	0	
702	1482	0	
702	1483	0	
702	1484	0	
702	1485	0	
704	702	1	
704	703	1	
704	1481	1	
704	1482	1	
704	1483	1	
704	1484	1	
704	1485	1	
288	20	1	
288	21	1	
288	28	1	
288	30	1	
288	32	1	
288	51	1	
288	52	1	
288	84	1	
288	139	1	
288	165	1	
288	166	1	
288	167	1	
288	168	1	
288	178	1	
288	182	1	
288	183	1	
288	184	1	
288	185	1	
288	186	1	
288	187	1	
288	188	1	
288	189	1	
288	190	1	
288	191	1	
288	194	1	
288	195	1	
288	196	1	
288	197	1	
288	198	1	
288	199	1	
288	200	1	
288	227	1	
288	237	0	
288	262	0	
288	263	0	
288	265	1	
288	266	0	
288	283	1	
288	284	1	
288	296	1	
288	301	1	
288	306	1	
288	308	1	
288	309	1	
288	310	1	
288	319	1	
288	334	1	
288	375	1	
288	405	0	
288	414	1	
288	415	1	
288	439	1	
288	462	0	
288	464	0	
288	472	0	
288	473	1	
288	474	0	
288	475	0	
288	476	1	
288	477	0	
288	478	0	
288	479	0	
288	480	0	
288	505	0	
288	506	0	
288	509	0	
288	510	0	
288	528	0	
288	546	1	
288	566	0	
288	567	0	
288	568	0	
288	569	1	
288	572	1	
288	573	1	
288	574	1	
288	575	1	
288	577	1	
288	578	1	
288	579	1	
288	583	1	
288	586	1	
288	587	1	
288	588	1	
288	589	1	
288	658	1	
288	659	1	
288	661	1	
288	683	1	
288	684	1	
288	685	1	
288	686	1	
288	687	1	
288	688	1	
288	689	1	
288	690	1	
288	691	1	
288	692	1	
288	693	1	
288	694	1	
288	695	1	
288	696	1	
288	702	0	
288	703	0	
288	713	1	
288	716	1	
288	717	1	
288	718	1	
288	719	1	
288	734	0	
288	735	0	
288	736	0	
288	737	0	
288	739	2	
288	741	1	
288	812	1	
288	813	1	
288	821	1	
288	822	1	
288	855	1	
288	857	1	
288	858	1	
288	869	1	
288	878	0	
288	895	1	
288	936	0	
288	937	0	
288	947	1	
288	948	1	
288	984	1	
288	1025	0	
288	1026	0	
288	1027	0	
288	1078	1	
288	1079	1	
288	1088	1	
288	1089	1	
288	1090	1	
288	1098	1	
288	1099	1	
288	1100	1	
288	1103	1	
288	1150	1	
288	1255	1	
288	1256	1	
288	1257	1	
288	1326	1	
288	1328	1	
288	1329	1	
288	1338	0	
288	1360	1	
288	1395	1	
288	1396	1	
288	1397	1	
288	1399	1	
288	1400	1	
288	1401	1	
288	1403	1	
288	1404	1	
288	1405	1	
288	1407	1	
288	1408	1	
288	1410	1	
288	1411	1	
288	1412	1	
288	1414	1	
288	1415	1	
288	1466	1	
288	1481	0	
288	1482	0	
288	1483	0	
288	1484	0	
288	1485	0	
288	1490	1	
288	1496	1	
288	1521	0	
288	1540	1	
288	1683	0	
288	1704	1	
288	1705	1	
288	1706	1	
288	1724	1	
288	1725	1	
288	1761	1	
288	1788	1	
288	1789	1	
288	1812	1	
288	1813	1	
1733	577	1	
1733	578	1	
1733	579	1	
1733	583	1	
1733	984	0	
1733	1024	1	
1733	1192	1	
1733	1451	1	
1733	1585	1	
712	707	0	
712	708	0	
712	709	0	
712	710	0	
712	711	0	
712	712	1	
719	505	1	
719	506	1	
719	651	0	
719	652	0	
719	653	0	
730	730	1	
730	731	1	
730	730	1	
730	731	1	
732	732	1	
732	733	1	
732	936	1	
732	937	1	
732	1338	1	
733	433	1	
733	732	1	
733	733	1	
733	936	1	
733	937	1	
733	1338	1	
790	534	0	
790	780	0	
790	781	0	
790	782	0	
790	783	0	
790	784	0	
790	785	0	
790	786	0	
790	787	0	
790	788	0	
790	789	0	
790	790	0	
798	283	0	
798	284	0	
798	302	0	
798	448	1	
798	449	1	
798	450	1	
798	451	1	
798	452	1	
798	954	0	
798	959	0	
798	962	0	
798	963	0	
798	964	0	
799	9	0	
799	10	0	
799	13	0	
799	24	1	
799	25	1	
799	30	0	
799	71	1	
799	145	0	
799	146	0	
799	148	0	
799	149	0	
799	192	2	
799	193	2	
799	258	0	
799	259	0	
799	260	0	
799	261	0	
799	301	0	
799	301	1	
799	302	0	
799	303	0	
799	304	0	
799	323	0	
799	361	1	
799	362	1	
799	363	1	
799	370	0	
799	371	0	
799	372	0	
799	373	0	
799	374	0	
799	375	0	
799	384	0	
799	411	1	
799	465	0	
799	472	0	
799	473	0	
799	474	0	
799	475	0	
799	477	0	
799	478	0	
799	479	0	
799	480	0	
799	481	0	
799	505	1	
799	506	1	
799	531	0	
799	533	0	
799	535	0	
799	597	0	
799	606	0	
799	607	0	
799	609	0	
799	610	0	
799	611	0	
799	612	0	
799	622	0	
799	627	0	
799	630	0	
799	631	0	
799	645	1	
799	647	1	
799	650	0	
799	651	0	
799	652	0	
799	653	0	
799	720	0	
799	721	1	
799	732	0	
799	733	0	
799	750	1	
799	753	0	
799	770	0	
799	771	0	
799	772	0	
799	773	0	
799	774	0	
799	775	0	
799	776	0	
799	777	0	
799	778	0	
799	792	0	
799	793	0	
799	794	0	
799	795	0	
799	796	0	
799	801	0	
799	809	1	
799	810	1	
799	814	0	
799	814	1	
799	817	0	
799	817	1	
799	818	0	
799	818	1	
799	819	0	
799	819	1	
799	820	0	
799	820	1	
799	823	0	
799	823	1	
799	824	0	
799	824	1	
799	826	0	
799	826	1	
799	914	0	
799	984	1	
799	1024	1	
799	1062	0	
799	1063	0	
799	1064	0	
799	1065	0	
799	1066	0	
799	1071	1	
799	1088	0	
799	1088	1	
799	1089	0	
799	1089	1	
799	1090	0	
799	1090	1	
799	1093	1	
799	1096	0	
799	1096	1	
799	1097	0	
799	1097	1	
799	1107	0	
799	1107	1	
799	1108	0	
799	1108	1	
799	1109	0	
799	1109	1	
799	1110	0	
799	1110	1	
799	1111	0	
799	1111	1	
799	1112	0	
799	1112	1	
799	1113	0	
799	1113	1	
799	1116	1	
799	1117	1	
799	1118	1	
799	1119	1	
799	1120	1	
799	1121	1	
799	1122	1	
799	1123	1	
799	1124	1	
799	1125	1	
799	1126	1	
799	1127	1	
799	1128	1	
799	1135	1	
799	1136	0	
799	1136	1	
799	1138	1	
799	1151	1	
799	1152	1	
799	1156	0	
799	1157	0	
799	1158	0	
799	1159	0	
799	1160	0	
799	1161	0	
799	1162	0	
799	1163	0	
799	1164	0	
799	1165	0	
799	1166	0	
799	1169	0	
799	1171		
799	1185	0	
799	1222	0	
799	1248	0	
799	1250	0	
799	1255	0	
799	1256	0	
799	1257	0	
799	1267	0	
799	1268	0	
799	1269	0	
799	1270	0	
799	1271	0	
799	1273	0	
799	1274	0	
799	1275	0	
799	1276	0	
799	1277	0	
799	1380	0	
799	1381	0	
799	1416	0	
799	1417	0	
799	1418	0	
799	1423	0	
799	1424	0	
799	1459	0	
799	1460	0	
799	1461	0	
799	1470	1	
799	1471	1	
799	1480	0	
799	1491	0	
799	1491	1	
799	1492	0	
799	1492	1	
799	1493	0	
799	1493	1	
799	1494	0	
799	1494	1	
799	1495	0	
799	1495	1	
799	1497	1	
799	1498	1	
799	1499	1	
799	1500	1	
799	1501	0	
799	1502	0	
799	1503	0	
799	1504	0	
799	1505	0	
799	1506	0	
799	1523	0	
799	1524	0	
799	1525	0	
799	1526	0	
799	1527	0	
799	1528	0	
799	1529	0	
799	1585	1	
799	1590	1	
799	1591	1	
799	1606	1	
799	1607	1	
799	1608	1	
799	1609	1	
799	1610	1	
799	1611	1	
799	1612	1	
799	1621	0	
799	1622	1	
799	1668	0	
799	1758	0	
799	1793	1	
799	1794	0	
799	1795	0	
799	1796	0	
799	1797	0	
799	1798	0	
799	1803	0	
799	1804	0	
799	1805	0	
799	1806	0	
799	1807	1	
803	9	1	
803	10	1	
803	13	1	
803	803	1	
807	669	1	
807	673	1	
807	804	0	
807	805	0	
807	806	0	
807	807	0	
807	808	0	
827	816	0	
827	827	1	
838	413	1	
838	756	1	
838	757	1	
838	758	1	
838	759	1	
838	760	1	
838	761	1	
838	837	1	
838	838	1	
838	839	1	
838	840	1	
838	1055	1	
838	1056	1	
838	1057	1	
838	1058	1	
838	1059	1	
838	1060	1	
838	1061	1	
838	1077	1	
838	1101	0	
838	1102	0	
838	1104	0	
838	1105	0	
838	1358	1	
838	1359	1	
838	1501	0	
838	1502	0	
838	1503	0	
838	1504	0	
838	1505	0	
838	1506	0	
838	1738	0	
849	391	1	
849	392	1	
853	850	0	
853	851	0	
853	852	0	
853	854	0	
856	855	1	
856	857	1	
856	858	1	
869	165	0	
869	166	0	
869	167	0	
869	168	0	
869	184	1	
869	194	0	
869	195	0	
869	196	0	
869	197	0	
869	198	0	
869	199	0	
869	200	0	
869	382	1	
869	863	0	
869	864	0	
869	865	0	
869	866	0	
869	868	0	
869	869	0	
869	869	2	
869	1813	0	
876	229	1	
876	326	1	
876	351	1	
876	352	1	
876	353	1	
876	354	1	
876	355	1	
876	356	1	
876	357	1	
876	366	1	
876	548	1	
876	549	1	
876	550	1	
876	551	1	
876	552	1	
876	553	1	
876	554	1	
876	749	1	
876	832	1	
876	876	1	
876	892	1	
876	1009	1	
876	1017	1	
876	1028	1	
876	1029	1	
876	1030	1	
876	1031	1	
876	1032	1	
876	1223	1	
876	1230	1	
876	1278	1	
876	1331	1	
876	1332	1	
876	1334	1	
876	1336	1	
876	1337	1	
876	1379	1	
876	1393	1	
876	1434	1	
876	1435	1	
876	1443	1	
876	1489	1	
876	1507	1	
876	1510	1	
876	1542	1	
876	1615	1	
876	1616	1	
876	1625	1	
876	1626	1	
876	1627	1	
876	1628	1	
876	1629	1	
876	1671	1	
876	1672	1	
876	1673	1	
876	1674	1	
876	1684	1	
876	1740	1	
876	1747	1	
887	885	0	
887	885	1	
887	886	0	
887	886	1	
887	887	0	
887	887	1	
894	476	0	
894	505	1	
894	506	1	
894	894	0	
895	29	1	
895	46	1	
895	47	1	
895	50	1	
895	51	1	
895	52	1	
895	106	0	
895	114	0	
895	150	1	
895	182	0	
895	183	0	
895	262	0	
895	313	1	
895	314	1	
895	439	1	
895	472	0	
895	474	0	
895	475	0	
895	476	0	
895	477	0	
895	478	0	
895	479	0	
895	480	0	
895	566	0	
895	567	0	
895	568	0	
895	601	0	
895	602	0	
895	603	0	
895	651	0	
895	652	0	
895	653	0	
895	658	1	
895	659	1	
895	660	1	
895	661	1	
895	716	1	
895	717	1	
895	811	1	
895	812	1	
895	813	1	
895	814	1	
895	817	1	
895	818	1	
895	819	1	
895	820	1	
895	821	0	
895	821	1	
895	822	0	
895	822	1	
895	823	1	
895	824	1	
895	826	1	
895	847	0	
895	867	1	
895	878	0	
895	879	1	
895	880	1	
895	881	1	
895	882	1	
895	883	1	
895	884	1	
895	895	1	
895	908	0	
895	911	1	
895	924	0	
895	984	1	
895	1135	1	
895	1144	1	
895	1145	1	
895	1146	1	
895	1147	1	
895	1148	1	
895	1150	0	
895	1150	1	
895	1152	1	
895	1394	1	
895	1395	1	
895	1396	1	
895	1397	1	
895	1398	1	
895	1399	1	
895	1400	1	
895	1401	1	
895	1402	1	
895	1403	1	
895	1404	1	
895	1405	1	
895	1406	1	
895	1407	1	
895	1408	1	
895	1409	1	
895	1410	1	
895	1411	1	
895	1412	1	
895	1413	1	
895	1414	1	
895	1415	1	
895	1444	1	
895	1452	0	
895	1452	1	
895	1453	0	
895	1490	1	
895	1496	0	
895	1531	0	
895	1540	1	
895	1758	0	
895	1788	1	
895	1839	0	
903	896	1	
903	897	1	
903	898	1	
903	899	1	
903	900	1	
903	901	1	
903	902	1	
903	903	1	
903	1513	1	
909	905	0	
909	909	1	
918	918	1	
918	925	1	
918	926	1	
924	859	0	
924	915	0	
924	916	0	
924	917	0	
924	919	0	
924	920	0	
924	921	0	
924	922	0	
924	923	0	
924	927	0	
932	15	0	
932	17	0	
932	18	0	
932	23	0	
932	319	1	
932	333	0	
932	537	0	
932	564	0	
932	716	1	
932	717	1	
932	828	0	
932	932	0	
932	933	0	
932	934	0	
932	984	0	
932	1074	0	
932	1075	0	
932	1076	0	
932	1235	0	
932	1244	0	
932	1245	0	
932	1282	1	
932	1294	0	
932	1354	0	
932	1361	1	
932	1466	1	
932	1470	0	
932	1547	0	
932	1641	0	
932	1642	0	
932	1692	0	
932	1694	0	
932	1774	0	
932	1775	0	
932	1776	0	
932	1788	1	
932	1828	0	
932	1861	0	
934	932	1	
934	933	1	
934	934	1	
935	389	0	
935	390	0	
935	505	1	
935	506	1	
935	509	1	
935	510	1	
935	528	1	
935	1521	1	
936	936	1	
936	937	1	
936	938	1	
937	936	1	
937	937	1	
937	938	1	
941	940	1	
941	1704	0	
941	1705	0	
941	1706	0	
951	949	0	
951	949	1	
951	950	0	
951	950	1	
951	951	0	
951	951	1	
960	44	1	
960	45	1	
960	536	1	
960	953	1	
960	954	1	
960	955	1	
960	956	1	
960	957	1	
960	959	1	
960	961	1	
960	962	1	
960	963	1	
960	964	1	
960	965	1	
960	1757	1	
965	665	0	
965	665	2	
965	740	0	
965	956	0	
965	958	0	
965	965	1	
982	976	0	
982	977	0	
982	978	0	
982	979	0	
982	980	0	
982	981	0	
987	254	1	
987	924	1	
987	929	1	
987	930	1	
987	931	1	
987	987	1	
987	1279	1	
987	1280	1	
987	1281	1	
987	1834	1	
988	184	0	
988	258	0	
988	259	0	
988	260	0	
988	261	0	
988	800	0	
988	1132	0	
988	1373	0	
988	1376	0	
988	1778	0	
992	990	1	
992	991	1	
992	992	1	
996	375	1	
996	994	1	
996	995	0	
996	997	1	
996	1436	1	
1006	204	0	
1006	205	0	
1006	206	0	
1006	207	0	
1006	208	0	
1006	209	0	
1006	210	0	
1006	211	0	
1006	335	1	
1006	336	1	
1006	337	1	
1006	338	1	
1006	361	1	
1006	362	1	
1006	363	1	
1006	770	0	
1006	771	0	
1006	772	0	
1006	773	0	
1006	774	0	
1006	775	0	
1006	776	0	
1006	777	0	
1006	778	0	
1006	998	0	
1006	999	0	
1006	1000	0	
1006	1001	0	
1006	1002	0	
1006	1003	1	
1006	1004	1	
1006	1005	1	
1006	1055	0	
1006	1056	0	
1006	1057	0	
1006	1058	0	
1006	1059	0	
1006	1060	0	
1006	1061	0	
1006	1067	0	
1006	1070	0	
1006	1144	1	
1006	1145	1	
1006	1146	1	
1006	1147	1	
1006	1148	1	
1014	17	1	
1014	18	1	
1014	395	1	
1014	396	1	
1014	1014	1	
1014	1093	1	
1015	258	1	
1015	259	1	
1015	260	1	
1015	261	1	
1015	266	1	
1015	1015	1	
1015	1016	1	
1015	1382	1	
1018	326	1	
1018	548	1	
1018	549	1	
1018	551	1	
1018	552	1	
1018	553	1	
1018	554	1	
1018	892	1	
1018	985	1	
1018	1017	1	
1018	1018	1	
1018	1028	1	
1018	1029	1	
1018	1030	1	
1018	1031	1	
1018	1032	1	
1018	1420	1	
1023	1021	1	
1023	1022	1	
1023	1023	1	
1036	1034	1	
1036	1035	1	
1036	1036	2	
1038	135	1	
1038	238	0	
1038	239	0	
1038	447	0	
1038	566	0	
1038	567	0	
1038	568	0	
1038	604	1	
1038	651	1	
1038	652	1	
1038	653	1	
1038	985	1	
1038	993	1	
1038	1038	1	
1038	1129	0	
1038	1172	0	
1038	1452	1	
1038	1715	0	
1038	1716	0	
1038	1717	0	
1038	1718	0	
1042	1039	1	
1042	1040	1	
1042	1226	1	
1042	1228	1	
1045	215	1	
1045	216	1	
1045	217	1	
1045	218	1	
1045	219	1	
1045	220	1	
1045	228	1	
1045	248	1	
1045	249	1	
1045	250	1	
1045	251	1	
1045	254	1	
1045	355	1	
1045	455		
1045	456		
1045	457		
1045	473	0	
1045	580	1	
1045	620	0	
1045	620	1	
1045	621	0	
1045	621	1	
1045	929	1	
1045	930	1	
1045	931	1	
1045	1043	1	
1045	1044	1	
1045	1045	1	
1045	1046	1	
1045	1048	1	
1045	1051	1	
1045	1053	1	
1045	1280	1	
1045	1281	1	
1045	1614	1	
1045	1685	1	
1045	1722	1	
1045	1723	1	
1045	1725	1	
1052	473	0	
1052	1047	1	
1052	1048	1	
1052	1049	1	
1052	1050	1	
1052	1051	1	
1052	1053	1	
1052	1054	1	
1052	1781	1	
1052	1809	1	
1052	1810	1	
1067	29	1	
1067	136	1	
1067	190	1	
1067	204	1	
1067	205	1	
1067	206	1	
1067	207	1	
1067	208	1	
1067	209	1	
1067	210	1	
1067	211	1	
1067	231	1	
1067	232	1	
1067	233	1	
1067	234	1	
1067	235	1	
1067	236	1	
1067	285	0	
1067	286	0	
1067	301	0	
1067	320	1	
1067	321	1	
1067	324	1	
1067	325	1	
1067	361	1	
1067	362	1	
1067	363	1	
1067	364	1	
1067	368	1	
1067	369	1	
1067	442	1	
1067	443	0	
1067	444	0	
1067	445	0	
1067	533	1	
1067	539	1	
1067	540	1	
1067	541	1	
1067	542	1	
1067	563	1	
1067	714	0	
1067	715	0	
1067	756	1	
1067	757	1	
1067	758	1	
1067	759	1	
1067	760	1	
1067	761	1	
1067	762	1	
1067	763	1	
1067	764	1	
1067	765	1	
1067	766	1	
1067	767	1	
1067	768	1	
1067	769	1	
1067	1007	0	
1067	1008	0	
1067	1055	1	
1067	1056	1	
1067	1057	1	
1067	1058	1	
1067	1059	1	
1067	1060	1	
1067	1061	1	
1067	1062	0	
1067	1063	0	
1067	1064	0	
1067	1065	0	
1067	1066	0	
1067	1080	1	
1067	1081	1	
1067	1082	1	
1067	1083	1	
1067	1084	1	
1067	1085	1	
1067	1088	0	
1067	1089	0	
1067	1090	0	
1067	1096	1	
1067	1097	1	
1067	1107	0	
1067	1107	2	
1067	1107	1	
1067	1108	0	
1067	1108	2	
1067	1108	1	
1067	1109	0	
1067	1109	2	
1067	1109	1	
1067	1110	0	
1067	1110	2	
1067	1110	1	
1067	1111	0	
1067	1111	2	
1067	1111	1	
1067	1112	0	
1067	1112	2	
1067	1112	1	
1067	1113	0	
1067	1113	2	
1067	1113	1	
1067	1116	0	
1067	1117	0	
1067	1118	0	
1067	1119	0	
1067	1120	0	
1067	1121	0	
1067	1122	0	
1067	1123	0	
1067	1124	0	
1067	1125	0	
1067	1126	0	
1067	1127	0	
1067	1128	0	
1067	1133	0	
1067	1140	1	
1067	1185	1	
1067	1551	1	
1067	1552	1	
1067	1553	1	
1067	1590	1	
1067	1591	1	
1067	1725	0	
1067	1732	1	
1067	1733	1	
1067	1734	1	
1067	1735	1	
1067	1736	1	
1067	1737	1	
1067	1745	0	
1067	1830	1	
1067	1831	1	
1067	1832	1	
1067	1833	1	
1067	1837	0	
1067	1850	0	
1068	204	0	
1068	204	1	
1068	205	0	
1068	205	1	
1068	206	0	
1068	206	1	
1068	207	0	
1068	207	1	
1068	208	0	
1068	208	1	
1068	209	0	
1068	209	1	
1068	210	0	
1068	210	1	
1068	211	0	
1068	211	1	
1068	301	0	
1068	442	0	
1068	443	1	
1068	444	1	
1068	445	1	
1068	714	0	
1068	715	0	
1068	756	1	
1068	757	1	
1068	758	1	
1068	759	1	
1068	760	1	
1068	761	1	
1068	1055	0	
1068	1055	1	
1068	1056	0	
1068	1056	1	
1068	1057	0	
1068	1057	1	
1068	1058	0	
1068	1058	1	
1068	1059	0	
1068	1059	1	
1068	1060	0	
1068	1060	1	
1068	1061	0	
1068	1061	1	
1068	1088	0	
1068	1089	0	
1068	1090	0	
1068	1096	1	
1068	1097	1	
1068	1107	0	
1068	1108	0	
1068	1109	0	
1068	1110	0	
1068	1111	0	
1068	1112	0	
1068	1113	0	
1068	1725	1	
1068	1732	1	
1068	1733	1	
1068	1734	1	
1068	1735	1	
1068	1736	1	
1068	1737	1	
1068	1745	0	
1068	1837	0	
1068	1850	0	
1073	636	1	
1073	1072	1	
1073	1073	1	
1079	1078	0	
1079	1078		
1079	1079	0	
1079	1079		
1079	1150	0	
1079	1186	0	
1079	1187	0	
1079	1188	0	
1079	1189	0	
1085	1080	1	
1085	1081	1	
1085	1082	1	
1085	1083	1	
1085	1084	1	
1085	1085	1	
1086	1086	1	
1086	1087	1	
1095	1095	1	
1095	1096	0	
1095	1097	0	
1106	1098	1	
1106	1099	1	
1106	1100	1	
1106	1101	1	
1106	1102	1	
1106	1103	1	
1106	1104	1	
1106	1105	1	
1106	1761	1	
1114	11	1	
1114	12	1	
1114	155	1	
1114	159	1	
1114	213	1	
1114	359	1	
1114	380	1	
1114	446	1	
1114	447	1	
1114	465	1	
1114	509	1	
1114	528	1	
1114	682	1	
1114	714	1	
1114	715	1	
1114	740	1	
1114	770	1	
1114	771	1	
1114	772	1	
1114	773	1	
1114	774	1	
1114	775	1	
1114	776	1	
1114	777	1	
1114	778	1	
1114	792	1	
1114	793	1	
1114	794	1	
1114	795	1	
1114	796	1	
1114	809	1	
1114	830	1	
1114	895	1	
1114	952	1	
1114	983	1	
1114	1071	1	
1114	1095	1	
1114	1107	1	
1114	1108	1	
1114	1109	1	
1114	1110	1	
1114	1111	1	
1114	1112	1	
1114	1113	1	
1114	1193	1	
1114	1195	1	
1114	1196	1	
1114	1197	1	
1114	1341	1	
1114	1342	1	
1114	1343	1	
1114	1344	1	
1114	1345	1	
1114	1346	1	
1114	1372	1	
1114	1378	1	
1114	1437	1	
1114	1471	1	
1114	1501	1	
1114	1502	1	
1114	1503	1	
1114	1504	1	
1114	1505	1	
1114	1506	1	
1114	1511	1	
1114	1521	1	
1114	1532	1	
1114	1533	1	
1114	1537	1	
1114	1574	1	
1114	1640	1	
1114	1645	1	
1114	1646	1	
1114	1647	1	
1114	1652	1	
1114	1653	1	
1114	1654	1	
1114	1713	1	
1114	1742	1	
1114	1745	1	
1114	1769	1	
1114	1837	1	
1114	1850	1	
1115	76	0	
1115	109	0	
1115	140	0	
1115	141	0	
1115	142	0	
1115	143	0	
1115	144	0	
1115	201	0	
1115	327	0	
1115	328	0	
1115	329	0	
1115	330	0	
1115	331	0	
1115	332	0	
1115	623	0	
1115	623	1	
1115	626	0	
1115	626	1	
1115	627	0	
1115	627	1	
1115	628	0	
1115	629	0	
1115	629	1	
1115	630	0	
1115	630	1	
1115	631	0	
1115	631	1	
1115	734	0	
1115	735	0	
1115	736	0	
1115	737	0	
1115	1038	0	
1115	1171	0	
1115	1231	0	
1115	1232	0	
1115	1233	0	
1115	1234	0	
1115	1338	0	
1115	1380	0	
1115	1416	0	
1115	1417	0	
1115	1418	0	
1115	1426	0	
1115	1427	0	
1115	1428	0	
1115	1429	0	
1115	1430	0	
1115	1431	0	
1115	1432	0	
1115	1743	0	
1115	1744	0	
1115	1782	0	
1115	1783	0	
1115	1784	0	
1115	1785	0	
1138	178	1	
1138	258	0	
1138	259	0	
1138	260	0	
1138	261	0	
1138	383	0	
1138	388	1	
1138	436	1	
1138	505	1	
1138	506	1	
1138	984	0	
1138	1093	1	
1138	1135	0	
1138	1136	0	
1138	1136	2	
1138	1136	1	
1138	1142	0	
1138	1143	0	
1138	1186	1	
1138	1187	1	
1138	1188	1	
1138	1189	1	
1138	1480	1	
1154	44	0	
1154	45	0	
1154	375	0	
1154	378	0	
1154	471	1	
1154	529	1	
1154	565	0	
1154	670	1	
1154	675	0	
1154	681	0	
1154	714	0	
1154	715	0	
1154	722	0	
1154	841	1	
1154	844	0	
1154	994	0	
1154	1075	1	
1154	1154	1	
1154	1155	0	
1154	1354	1	
1154	1501	0	
1154	1502	0	
1154	1503	0	
1154	1504	0	
1154	1505	0	
1154	1506	0	
1154	1573	0	
1154	1618	0	
1154	1633	1	
1154	1634	1	
1154	1692	1	
1154	1694	1	
1154	1701	1	
1154	1790	0	
1167	1156	1	
1167	1157	1	
1167	1158	1	
1167	1159	1	
1167	1160	1	
1167	1161	1	
1167	1162	1	
1167	1163	1	
1167	1164	1	
1167	1165	1	
1167	1166	1	
1167	1167	1	
1167	1168	1	
1167	1169	1	
1177	1177	0	
1179	11	1	
1179	12	1	
1179	291	1	
1179	292	1	
1179	293	1	
1179	294	1	
1179	295	1	
1179	326	1	
1179	448	0	
1179	449	0	
1179	450	0	
1179	451	0	
1179	452	0	
1179	548	1	
1179	549	1	
1179	551	1	
1179	552	1	
1179	553	1	
1179	554	1	
1179	606	1	
1179	607	1	
1179	609	1	
1179	610	1	
1179	611	1	
1179	612	1	
1179	679	1	
1179	723	1	
1179	729	1	
1179	890	1	
1179	892	1	
1179	1017	1	
1179	1018	1	
1179	1028	1	
1179	1029	1	
1179	1030	1	
1179	1031	1	
1179	1032	1	
1179	1071	1	
1179	1179	1	
1179	1420	1	
1179	1548	1	
1181	192	1	
1181	193	1	
1181	1181	1	
1194	1012	1	
1194	1586	1	
1194	1709	1	
1194	1710	1	
1194	1711	1	
1194	1712	1	
1194	1822	1	
1194	1823	1	
1216	31	0	
1216	72	0	
1216	107	0	
1216	139	0	
1216	247	1	
1216	274	0	
1216	275	0	
1216	276	0	
1216	277	0	
1216	278	0	
1216	279	0	
1216	391	1	
1216	447	1	
1216	574	0	
1216	575	0	
1216	986	0	
1216	1136	0	
1216	1200	0	
1216	1201	0	
1216	1202	0	
1216	1203	0	
1216	1204	0	
1216	1205	0	
1216	1206	0	
1216	1207	0	
1216	1208	0	
1216	1209	0	
1216	1210	0	
1216	1211	0	
1216	1212	0	
1216	1213	0	
1216	1214	0	
1216	1215	0	
1216	1216	0	
1216	1217	0	
1216	1218	0	
1216	1220	0	
1216	1221	0	
1216	1222	0	
1216	1225	1	
1216	1262	1	
1216	1265	0	
1216	1266	0	
1216	1274	0	
1216	1275	0	
1216	1276	0	
1216	1277	0	
1216	1440	1	
1216	1441	1	
1216	1543	0	
1216	1595	0	
1216	1595	1	
1216	1596	0	
1216	1596	1	
1216	1597	0	
1216	1597	1	
1216	1598	0	
1216	1598	1	
1216	1599	0	
1216	1599	1	
1216	1640	0	
1216	1728	0	
1216	1751	0	
1216	1753	0	
1216	1791	0	
1219	17	1	
1219	18	1	
1219	100	1	
1219	179	0	
1219	297	0	
1219	323	1	
1219	436	0	
1219	572	0	
1219	573	0	
1219	574	0	
1219	613	0	
1219	614	0	
1219	615	0	
1219	616	0	
1219	618	0	
1219	716	0	
1219	717	0	
1219	718	0	
1219	723	0	
1219	835	0	
1219	923	0	
1219	954	0	
1219	962	0	
1219	972	0	
1219	973	0	
1219	974	0	
1219	975	0	
1219	1043	0	
1219	1139	0	
1219	1170	0	
1219	1219	0	
1219	1219	1	
1219	1220	0	
1219	1220	1	
1219	1285	0	
1219	1288	0	
1219	1421	0	
1219	1422	0	
1219	1426	0	
1219	1427	0	
1219	1428	0	
1219	1429	0	
1219	1430	0	
1219	1431	0	
1219	1432	0	
1219	1439	1	
1219	1469	0	
1219	1469	1	
1219	1547	0	
1219	1560	1	
1219	1693	0	
1219	1724	1	
1219	1725	1	
1219	1774	0	
1219	1775	0	
1219	1776	0	
1219	1788	0	
1219	1829	0	
1219	1848	0	
1262	1258	0	
1262	1259	0	
1262	1260	0	
1262	1261	0	
1262	1262	1	
1272	1267	0	
1272	1268	0	
1272	1269	0	
1272	1270	0	
1272	1271	0	
1272	1272	1	
1272	1273	0	
1293	192	1	
1293	193	1	
1293	238	1	
1293	239	1	
1293	280	1	
1293	601	1	
1293	602	1	
1293	603	1	
1293	624	1	
1293	665	1	
1293	697	1	
1293	698	1	
1293	725	1	
1293	1263	1	
1293	1282	1	
1293	1283	1	
1293	1284	1	
1293	1285	1	
1293	1286	1	
1293	1287	1	
1293	1288	1	
1293	1289	1	
1293	1290	1	
1293	1291	1	
1293	1292	1	
1293	1293	1	
1293	1304	1	
1293	1305	1	
1293	1475	1	
1293	1476	1	
1293	1593	1	
1294	1294	1	
1294	1295	1	
1302	1296	1	
1302	1297	1	
1302	1298	1	
1302	1299	1	
1302	1300	1	
1302	1301	1	
1302	1302	1	
1306	505	0	
1306	506	0	
1306	1306	0	
1306	1307	0	
1317	27	0	
1317	1285	1	
1317	1288	1	
1317	1312	1	
1317	1313	1	
1317	1314	1	
1317	1315	1	
1317	1316	1	
1317	1317	1	
1318	139	0	
1318	176	0	
1318	258	0	
1318	259	0	
1318	260	0	
1318	261	0	
1318	1507	1	
1318	1675	1	
1318	1720	0	
1322	1319	0	
1322	1320	0	
1322	1321	0	
1325	1323	1	
1325	1324	1	
1325	1325	1	
1327	258	1	
1327	259	1	
1327	260	1	
1327	261	1	
1327	505	1	
1327	506	1	
1327	1326	0	
1327	1643	0	
1327	1644	0	
1327	1649	0	
1327	1650	0	
1327	1651	0	
1327	1803	0	
1327	1804	0	
1327	1805	0	
1327	1806	0	
1328	160	0	
1328	548	0	
1328	554	0	
1328	569	1	
1328	570	0	
1328	571	0	
1328	575	1	
1328	576	0	
1328	716	0	
1328	717	0	
1328	718	0	
1328	888	0	
1328	1149	0	
1328	1150	0	
1328	1310	0	
1328	1380	0	
1328	1383	0	
1328	1416	0	
1328	1417	0	
1328	1418	0	
1328	1439	0	
1328	1480	0	
1328	1724	0	
1328	1725	0	
1328	1788	0	
168	165	0	
168	166	0	
168	167	0	
168	869	0	
168	1009	0	
168	1458	0	
168	1749	0	
168	1777	0	
168	1800	0	
168	1818	0	
168	1824	0	
168	1825	0	
168	1826	0	
168	1827	0	
168	1835	0	
168	1844	0	
1339	748	1	
1339	1339	1	
1339	1340	1	
1340	748	1	
1340	1339	1	
1340	1340	1	
1350	1350	0	
1350	1351	0	
1351	1347	0	
1351	1348	0	
1351	1349	0	
1351	1350	0	
1351	1350		
1351	1351	0	
1351	1351		
1351	1352	0	
1351	1352		
1361	15	0	
1361	17	0	
1361	18	0	
1361	23	0	
1361	132	0	
1361	564	0	
1361	828	0	
1361	860	0	
1361	932	0	
1361	933	0	
1361	934	0	
1361	984	0	
1361	989	0	
1361	1074	0	
1361	1075	0	
1361	1076	0	
1361	1354	0	
1361	1361	1	
1361	1470	0	
1361	1547	0	
1361	1692	0	
1361	1694	0	
1361	1774	0	
1361	1775	0	
1361	1776	0	
1361	1861	0	
1421	139	0	
1421	258	1	
1421	259	1	
1421	260	1	
1421	261	1	
1421	1062	0	
1421	1063	0	
1421	1064	0	
1421	1065	0	
1421	1136	1	
1425	1423	0	
1425	1424	0	
1433	192	0	
1433	193	0	
1433	459	1	
1433	574	1	
1433	575	1	
1433	636	1	
1433	1072	1	
1433	1073	1	
1433	1178	1	
1433	1426	1	
1433	1427	1	
1433	1428	1	
1433	1429	1	
1433	1430	1	
1433	1431	1	
1433	1432	1	
1433	1433	1	
1449	548	1	
1449	552	0	
1449	552	1	
1449	554	1	
1449	574	0	
1449	1739	0	
1462	48	0	
1462	1456	0	
1462	1462	1	
1462	1463	0	
1462	1464	0	
1462	1486	1	
1462	1520	1	
1462	1535	1	
1462	1536	1	
1468	739	0	
1473	564	0	
1473	1473	1	
1473	1474	0	
1474	15	0	
1474	17	0	
1474	18	0	
1474	23	0	
1474	487	0	
1474	488	0	
1474	537	0	
1474	564	0	
1474	565	0	
1474	828	0	
1474	932	0	
1474	933	0	
1474	934	0	
1474	984	0	
1474	1074	0	
1474	1075	0	
1474	1076	0	
1474	1137	0	
1474	1190	0	
1474	1235	0	
1474	1244	0	
1474	1245	0	
1474	1279	0	
1474	1353	0	
1474	1354	0	
1474	1361	1	
1474	1470	0	
1474	1474	1	
1474	1547	0	
1474	1618	0	
1474	1641	0	
1474	1642	0	
1474	1692	0	
1474	1694	0	
1474	1714	0	
1474	1774	0	
1474	1775	0	
1474	1776	0	
1474	1851	0	
1474	1861	0	
1496	165	1	
1496	166	1	
1496	167	1	
1496	439	1	
1496	869	1	
1496	1490	1	
1496	1496	1	
1508	300	1	
1508	509	1	
1508	528	1	
1508	1508	0	
1508	1508	1	
1508	1521	1	
1523	1523	0	
1523	1524	0	
1523	1525	0	
1523	1526	0	
1523	1527	0	
1523	1528	0	
1523	1529	0	
1530	1523	0	
1530	1524	0	
1530	1525	0	
1530	1526	0	
1530	1527	0	
1530	1528	0	
1530	1529	0	
1554	569	1	
1554	575	1	
1554	716	0	
1554	717	0	
1554	1544	0	
1554	1545	0	
1554	1546	0	
1554	1551	0	
1554	1552	0	
1554	1553	0	
1554	1554	1	
1554	1788	0	
1560	1558	1	
1560	1559	1	
1570	117	1	
1570	118	1	
1570	119	1	
1570	1024	1	
1570	1564	1	
1570	1565	1	
1570	1566	1	
1570	1567	1	
1570	1568	1	
1570	1569	1	
1570	1570	1	
1570	1676	1	
1586	115	1	
1586	116	1	
1586	118	1	
1586	119	1	
1586	120	1	
1586	535	0	
1586	1024	0	
1586	1583	1	
1586	1584	1	
1586	1585	0	
1586	1585	1	
1586	1586	1	
1586	1676	1	
1600	1601	0	
1605	1602	1	
1605	1603	1	
1605	1604	1	
1605	1605	1	
1613	1606	1	
1613	1607	1	
1613	1608	1	
1613	1609	1	
1613	1610	1	
1613	1611	1	
1613	1612	1	
1629	269	0	
1629	270	0	
1629	904	0	
1629	1601	0	
1629	1725	0	
1635	418	1	
1635	670	1	
1635	877	1	
1635	1602	1	
1635	1603	1	
1635	1604	1	
1635	1633	1	
1635	1634	1	
1635	1635	1	
1657	1655	0	
1657	1656	0	
1667	87	1	
1667	1662	0	
1667	1663	0	
1667	1664	0	
1667	1665	0	
1667	1666	0	
1667	1667	0	
1724	80	0	
1724	81	0	
1724	82	0	
1724	83	0	
1724	319	0	
1724	572	0	
1724	573	0	
1724	574	0	
1724	756	0	
1724	757	0	
1724	758	0	
1724	759	0	
1724	760	0	
1724	761	0	
1724	947	0	
1724	948	0	
1724	1439	1	
1724	1466	0	
1724	1623	0	
1724	1724	1	
1724	1802	0	
1750	274	0	
1750	275	0	
1750	276	0	
1750	277	0	
1750	278	0	
1750	279	0	
1750	291	1	
1750	292	1	
1750	293	1	
1750	294	1	
1750	295	1	
1750	1751	0	
1752	1752	1	
1752	1838	1	
1838	1752	1	
1838	1838	1	
1756	1811	0	
1758	1758	0	
1793	914	1	
1793	1459	1	
1793	1460	1	
1793	1461	1	
1793	1793	1	
1793	1794	1	
1793	1795	1	
1793	1796	1	
1793	1797	1	
1793	1798	1	
1813	341	1	
1813	505	1	
1813	506	1	
1813	605	1	
1813	1135	1	
1813	1688	1	
1813	1708	1	
1813	1766	1	
1813	1767	1	
1813	1821	1	
1840	1792	0	
1842	358	0	
1842	1843	0	
1847	1846	1	
1847	1847	1	
1853	1852	0	
1858	1857	0	
1858	1858	0	
1858	1859	0	
1860	1815	1	
1860	1816	1	
1860	1851	1	
1860	1854	1	
1860	1855	1	
1860	1856	1	
1860	1856	1	
